98	HFATM	1	65535		1
98	HFATM	2	65535		1
98	HFATM	3	65535		1
98	HFATM	4	65535		1
102	HFATM	5	65535		1
104	HFATM	6	65535		1
104	HFATM	7	65535		1
102	HFATM	8	65535		1
102	HFATM	9	65535		1
98	HFATM	10	65535		1
102	HFATM	11	65535		1
104	HFATM	12	65535		1
104	HFATM	13	65535		1
102	HFATM	14	65535		1
102	HFATM	15	65535		1
98	HFATM	16	65535		1
102	HFATM	17	65535		1
104	HFATM	18	65535		1
104	HFATM	19	65535		1
102	HFATM	20	65535		1
102	HFATM	21	65535		1
98	HFATM	22	65535		1
102	HFATM	23	65535		1
104	HFATM	24	65535		1
104	HFATM	25	65535		1
102	HFATM	26	65535		1
102	HFATM	27	65535		1
98	HFATM	28	65535		1
98	HFATM	29	65535		1
98	HFATM	30	65535		1
102	HFATM	31	65535		1
102	HFATM	32	65535		1
98	HFATM	33	65535		1
98	HFATM	34	65535		1
98	HFATM	35	65535		1
98	HFATM	36	65535		1
98	HFATM	37	65535		1
98	HFATM	38	65535		1
98	HFATM	39	65535		1
98	HFATM	40	65535		1
98	HFATM	41	65535		1
98	HFATM	42	65535		1
98	HFATM	43	65535		1
98	HFATM	44	65535		1
0	HFATM	45	65535		1
0	HFATM	46	65535		1
0	HFATM	47	65535		1
0	HFATM	48	65535		1
0	HFATM	49	65535		1
0	HFATM	50	65535		1
128	HFATM	51	65535		1
146	HFATM	52	65535		1
178	HFATM	53	65535		1
174	HFATM	54	65535		1
0	HFATM	55	65535		1
104	HFATM	56	65535		1
0	HFATM	57	65535		1
0	HFATM	58	65535		1
0	HFATM	59	65535		1
0	HFATM	60	65535		1
0	HFATM	61	65535		1
0	HFATM	62	65535		1
0	HFATM	63	65535		1
0	HFATM	64	65535		1
98	HFATM	65	65535		1
98	HFATM	66	65535		1
0	HFATM	67	65535		1
0	HFATM	68	65535		1
106	HFATM	69	65535		1
104	HFATM	70	65535		1
90	HFATM	71	65535		1
0	HFATM	72	65535		1
0	HFATM	73	65535		1
0	HFATM	74	65535		1
0	HFATM	75	65535		1
0	HFATM	76	65535		1
0	HFATM	77	65535		1
1120	HFATM	78	65535		1
1120	HFATM	79	65535		1
1120	HFATM	80	65535		1
0	HFATM	81	65535		1
1120	HFATM	82	65535		1
0	HFATM	83	65535		1
0	HFATM	84	65535		1
0	HFATM	85	65535		1
0	HFATM	86	65535		1
0	HFATM	87	65535		1
0	HFATM	88	65535		1
0	HFATM	89	65535		1
0	HFATM	90	65535		1
0	HFATM	91	65535		1
0	HFATM	92	65535		1
0	HFATM	93	65535		1
0	HFATM	94	65535		1
0	HFATM	95	65535		1
0	HFATM	96	65535		1
0	HFATM	97	65535		1
0	HFATM	98	65535		1
0	HFATM	99	65535		1
94	HFATM	100	65535		1
156	HFATM	101	65535		1
166	HFATM	102	65535		1
102	HFATM	103	65535		1
102	HFATM	104	65535		1
0	HFATM	105	65535		1
0	HFATM	106	65535		1
98	HFATM	110	65535		1
102	HFATM	111	65535		1
98	HFATM	112	65535		1
96	HFATM	113	65535		1
96	HFATM	114	65535		1
98	HFATM	120	65535		1
98	HFATM	121	65535		1
224	HFATM	167	4,248,4000,65535		1
224	HFATM	168	4,248,4000,65535		1	
0	HFATM	3020	65535		1
0	HFATM	930	65535		1
0	HFATM	979	65535		1
222	HFATM	980	65535		1
188	HFATM	2147483647	4,248,4000,65535		1
0	HFATM	1000000	65535		1
0	HFATM	1000001	65535		1
0	HFATM	1000002	65535		1
0	HFATM	1000003	65535		1
0	HFATM	1000004	65535		1
0	HFATM	1000005	65535		1
0	HFATM	1000006	65535		1
0	HFATM	5000	4,248,4000,65535	$scosii_homedir/hfiles	1
0	HFATC	100	65535	$scosii_homedir/hfiles	1
304	HFAEV	128	4,248,4000,65535	$scosii_homedir/hfiles	1
0	HFAEV	1000	4,248,4000,65535	$scosii_homedir/hfiles	1
0	HFAEV	1001	4,248,4000,65535	$scosii_homedir/hfiles	1
0	HFAEV	1002	4,248,4000,65535	$scosii_homedir/hfiles	1
0	HFAEV	1003	4,248,4000,65535	$scosii_homedir/hfiles	1
0	HFAEV	2002	4,248,4000,65535	$scosii_homedir/hfiles	1
0	HFAEV	3000	4,248,4000,65535	$scosii_homedir/hfiles	1
0	HFAEV	3001	4,248,4000,65535	$scosii_homedir/hfiles	1
0	HFAEV	3002	4,248,4000,65535	$scosii_homedir/hfiles	1
0	HFAEV	3003	4,248,4000,65535	$scosii_homedir/hfiles	1